  0.00000000   -0.32113268 
  0.00628319   -0.27942928 
  0.01256637   -0.33773641 
  0.01884956   -0.40753558 
  0.02513274   -0.00965894 
  0.03141593   -0.55458236 
  0.03769911   -0.21250334 
  0.04398230   -0.40552691 
  0.05026548   -0.51757631 
  0.05654867   -0.43895488 
  0.06283185   -0.29555517 
  0.06911504   -0.31891308 
  0.07539822   -0.60590056 
  0.08168141   -0.33431179 
  0.08796459   -0.37673207 
  0.09424778   -0.31810273 
  0.10053096   -0.25858266 
  0.10681415   -0.67478847 
  0.11309734   -0.30484184 
  0.11938052   -0.50928403 
  0.12566371   -0.51604473 
  0.13194689   -0.53162937 
  0.13823008   -0.42492333 
  0.14451326   -0.48481114 
  0.15079645   -0.41562063 
  0.15707963   -0.53311020 
  0.16336282   -0.29025523 
  0.16964600   -0.44315756 
  0.17592919   -0.57524808 
  0.18221237   -0.44429801 
  0.18849556   -0.47901962 
  0.19477874   -0.36185412 
  0.20106193   -0.54004366 
  0.20734512   -0.38122084 
  0.21362830   -0.42561689 
  0.21991149   -0.29916641 
  0.22619467   -0.48626637 
  0.23247786   -0.34462497 
  0.23876104   -0.50447990 
  0.24504423   -0.39500617 
  0.25132741   -0.61115099 
  0.25761060   -0.53425933 
  0.26389378   -0.48531195 
  0.27017697   -0.43019081 
  0.27646015   -0.57524755 
  0.28274334   -0.53965880 
  0.28902652   -0.61305239 
  0.29530971   -0.22722921 
  0.30159289   -0.57396961 
  0.30787608   -0.51921781 
  0.31415927   -0.67346321 
  0.32044245   -0.60865292 
  0.32672564   -0.49738952 
  0.33300882   -0.58618813 
  0.33929201   -0.47179137 
  0.34557519   -0.39547041 
  0.35185838   -0.54614280 
  0.35814156   -0.39176259 
  0.36442475   -0.39178551 
  0.37070793   -0.33086034 
  0.37699112   -0.44709607 
  0.38327430   -0.50404886 
  0.38955749   -0.30989822 
  0.39584067   -0.43751506 
  0.40212386   -0.51761973 
  0.40840704   -0.55236300 
  0.41469023   -0.53140141 
  0.42097342   -0.53479691 
  0.42725660   -0.58820177 
  0.43353979   -0.51213999 
  0.43982297   -0.44874310 
  0.44610616   -0.51812928 
  0.45238934   -0.61046983 
  0.45867253   -0.56721941 
  0.46495571   -0.45456857 
  0.47123890   -0.42810605 
  0.47752208   -0.42659060 
  0.48380527   -0.58190315 
  0.49008845   -0.54869170 
  0.49637164   -0.62261099 
  0.50265482   -0.53400406 
  0.50893801   -0.59672256 
  0.51522120   -0.60716274 
  0.52150438   -0.41402226 
  0.52778757   -0.68328944 
  0.53407075   -0.50829877 
  0.54035394   -0.41460293 
  0.54663712   -0.47487144 
  0.55292031   -0.44778980 
  0.55920349   -0.43213232 
  0.56548668   -0.15952915 
  0.57176986   -0.51809115 
  0.57805305   -0.39230227 
  0.58433623   -0.56345250 
  0.59061942   -0.34116559 
  0.59690260   -0.36141656 
  0.60318579   -0.32909109 
  0.60946897   -0.46221002 
  0.61575216   -0.45801781 
  0.62203535   -0.31938729 
  0.62831853   -0.35030410 
  0.63460172   -0.23747380 
  0.64088490   -0.30134744 
  0.64716809   -0.11215162 
  0.65345127   -0.21942664 
  0.65973446   -0.49352577 
  0.66601764   -0.49909734 
  0.67230083   -0.38791162 
  0.67858401   -0.45868579 
  0.68486720   -0.34811782 
  0.69115038   -0.19390673 
  0.69743357   -0.17561521 
  0.70371675   -0.35318117 
  0.70999994   -0.14211613 
  0.71628313   -0.20487610 
  0.72256631   -0.26552037 
  0.72884950   -0.15808457 
  0.73513268   -0.08875074 
  0.74141587   -0.24501247 
  0.74769905   -0.20261196 
  0.75398224   -0.16915216 
  0.76026542   -0.20940712 
  0.76654861   -0.11064982 
  0.77283179   -0.09456105 
  0.77911498   -0.00242325 
  0.78539816   -0.10588601 
  0.79168135   -0.17599514 
  0.79796453   -0.09261499 
  0.80424772   -0.07883760 
  0.81053090   -0.09712775 
  0.81681409    0.22212181 
  0.82309728   -0.05615605 
  0.82938046    0.00156042 
  0.83566365   -0.05333896 
  0.84194683    0.02790861 
  0.84823002    0.00854615 
  0.85451320    0.06990967 
  0.86079639    0.10534008 
  0.86707957    0.06731795 
  0.87336276    0.14306983 
  0.87964594    0.40051855 
  0.88592913    0.26948482 
  0.89221231    0.24517529 
  0.89849550    0.09063767 
  0.90477868    0.27023655 
  0.91106187    0.33234619 
  0.91734505    0.01009227 
  0.92362824    0.28174754 
  0.92991143    0.53595309 
  0.93619461    0.19316536 
  0.94247780    0.19832034 
  0.94876098    0.46034110 
  0.95504417    0.18960627 
  0.96132735    0.31473434 
  0.96761054    0.41449432 
  0.97389372    0.36177253 
  0.98017691    0.40299095 
  0.98646009    0.44064758 
  0.99274328    0.39719617 
  0.99902646    0.46355346 
  1.00530965    0.37127944 
  1.01159283    0.29289092 
  1.01787602    0.62470020 
  1.02415921    0.33732953 
  1.03044239    0.49649056 
  1.03672558    0.72781631 
  1.04300876    0.35621041 
  1.04929195    0.61234273 
  1.05557513    0.71382421 
  1.06185832    0.80941595 
  1.06814150    0.63826209 
  1.07442469    0.63734585 
  1.08070787    0.47320436 
  1.08699106    0.71876450 
  1.09327424    0.62753119 
  1.09955743    0.64556588 
  1.10584061    0.76916950 
  1.11212380    0.73530148 
  1.11840698    0.70443595 
  1.12469017    0.65716302 
  1.13097336    0.80383828 
  1.13725654    0.71991626 
  1.14353973    0.74269570 
  1.14982291    0.87311708 
  1.15610610    0.97612505 
  1.16238928    0.82399710 
  1.16867247    0.88947783 
  1.17495565    0.83821843 
  1.18123884    0.89971002 
  1.18752202    0.81130213 
  1.19380521    0.83287538 
  1.20008839    0.89559759 
  1.20637158    1.08617854 
  1.21265476    0.88054236 
  1.21893795    0.92191439 
  1.22522113    1.12082177 
  1.23150432    0.88801698 
  1.23778751    1.06003551 
  1.24407069    0.92958986 
  1.25035388    1.01593747 
  1.25663706    1.05365805 
  1.26292025    1.10661314 
  1.26920343    1.03301287 
  1.27548662    0.99372543 
  1.28176980    1.04762197 
  1.28805299    1.19638482 
  1.29433617    1.27849121 
  1.30061936    1.12815985 
  1.30690254    1.21579763 
  1.31318573    1.02886143 
  1.31946891    1.14828602 
  1.32575210    1.24192287 
  1.33203529    1.14300867 
  1.33831847    1.10308823 
  1.34460166    1.02580070 
  1.35088484    1.32969582 
  1.35716803    1.18238502 
  1.36345121    1.24542237 
  1.36973440    1.34028112 
  1.37601758    1.16239810 
  1.38230077    1.10228479 
  1.38858395    1.18161767 
  1.39486714    1.02709525 
  1.40115032    1.10145863 
  1.40743351    1.21852709 
  1.41371669    1.18930593 
  1.41999988    1.38073273 
  1.42628306    1.29184715 
  1.43256625    1.23482051 
  1.43884944    1.26484569 
  1.44513262    1.25581726 
  1.45141581    1.25285012 
  1.45769899    1.22540304 
  1.46398218    1.14138896 
  1.47026536    1.31082691 
  1.47654855    1.25916956 
  1.48283173    1.12346747 
  1.48911492    1.16533139 
  1.49539810    1.20921546 
  1.50168129    1.14759668 
  1.50796447    1.26063946 
  1.51424766    1.24878876 
  1.52053084    1.13624884 
  1.52681403    1.42410257 
  1.53309721    1.03918527 
  1.53938040    1.19216682 
  1.54566359    1.32140702 
  1.55194677    1.40447591 
  1.55822996    1.13073577 
  1.56451314    1.17339233 
  1.57079633    1.41152245 
  1.57707951    1.26596193 
  1.58336270    1.13387364 
  1.58964588    1.25546138 
  1.59592907    1.06640928 
  1.60221225    1.06540544 
  1.60849544    1.27807196 
  1.61477862    1.03294694 
  1.62106181    1.17557802 
  1.62734499    1.33059906 
  1.63362818    1.11501675 
  1.63991137    1.43520510 
  1.64619455    1.31655544 
  1.65247774    1.03420798 
  1.65876092    1.29135975 
  1.66504411    1.04092036 
  1.67132729    1.07158864 
  1.67761048    1.37273508 
  1.68389366    1.27769973 
  1.69017685    1.37509893 
  1.69646003    1.29286008 
  1.70274322    1.19016886 
  1.70902640    1.31221479 
  1.71530959    0.98336298 
  1.72159277    1.20031700 
  1.72787596    1.10019753 
  1.73415914    1.14465437 
  1.74044233    1.24559775 
  1.74672552    1.28886369 
  1.75300870    1.07423196 
  1.75929189    1.02346299 
  1.76557507    1.09145675 
  1.77185826    1.18040155 
  1.77814144    1.08756418 
  1.78442463    1.08744993 
  1.79070781    1.16475831 
  1.79699100    1.01753723 
  1.80327418    1.17062865 
  1.80955737    1.14354413 
  1.81584055    1.04518812 
  1.82212374    1.24347521 
  1.82840692    0.87505846 
  1.83469011    1.19932704 
  1.84097330    1.04488033 
  1.84725648    0.91544860 
  1.85353967    1.06754731 
  1.85982285    0.91363434 
  1.86610604    1.26616456 
  1.87238922    1.08389710 
  1.87867241    0.82614701 
  1.88495559    0.93574984 
  1.89123878    1.00506441 
  1.89752196    0.95415045 
  1.90380515    1.04737985 
  1.91008833    0.79678379 
  1.91637152    1.08890343 
  1.92265470    0.82137976 
  1.92893789    0.86749017 
  1.93522107    0.89736335 
  1.94150426    1.22355532 
  1.94778745    0.92105997 
  1.95407063    1.09517925 
  1.96035382    0.85546490 
  1.96663700    0.94271554 
  1.97292019    1.10661336 
  1.97920337    0.89284567 
  1.98548656    1.02107249 
  1.99176974    1.02089689 
  1.99805293    0.98587291 
  2.00433611    0.83597016 
  2.01061930    0.89765688 
  2.01690248    0.98766326 
  2.02318567    0.88739777 
  2.02946885    0.88153080 
  2.03575204    1.11505689 
  2.04203522    0.99030576 
  2.04831841    0.95048790 
  2.05460160    0.82100484 
  2.06088478    0.96758899 
  2.06716797    0.74310049 
  2.07345115    0.98701966 
  2.07973434    0.97375270 
  2.08601752    0.92694126 
  2.09230071    1.06297932 
  2.09858389    0.82680357 
  2.10486708    1.08723823 
  2.11115026    0.90256324 
  2.11743345    0.85358232 
  2.12371663    1.06842658 
  2.12999982    0.71707376 
  2.13628300    0.78874346 
  2.14256619    0.89813407 
  2.14884938    1.03734748 
  2.15513256    0.96018836 
  2.16141575    0.95351586 
  2.16769893    0.86461527 
  2.17398212    0.59165204 
  2.18026530    0.74802063 
  2.18654849    0.91822834 
  2.19283167    0.91228963 
  2.19911486    1.02737125 
  2.20539804    0.96789719 
  2.21168123    0.99819739 
  2.21796441    0.95908095 
  2.22424760    0.88489518 
  2.23053078    0.96847897 
  2.23681397    0.98756856 
  2.24309715    0.88584637 
  2.24938034    0.95740825 
  2.25566353    1.01995740 
  2.26194671    0.90277921 
  2.26822990    0.85340574 
  2.27451308    1.13554579 
  2.28079627    0.86071428 
  2.28707945    1.24169858 
  2.29336264    0.96029594 
  2.29964582    0.86750669 
  2.30592901    0.88992783 
  2.31221219    0.86758011 
  2.31849538    0.99128698 
  2.32477856    0.92898737 
  2.33106175    0.92274029 
  2.33734493    0.95115637 
  2.34362812    1.04321332 
  2.34991130    1.06495622 
  2.35619449    0.89856814 
  2.36247768    0.82202975 
  2.36876086    0.86306374 
  2.37504405    0.88410222 
  2.38132723    0.91864219 
  2.38761042    0.86222505 
  2.39389360    0.92781259 
  2.40017679    1.01923144 
  2.40645997    1.06083233 
  2.41274316    1.00674547 
  2.41902634    1.06644413 
  2.42530953    0.91935005 
  2.43159271    0.94956876 
  2.43787590    0.97496082 
  2.44415908    0.93510710 
  2.45044227    0.98280366 
  2.45672546    1.00545763 
  2.46300864    0.91041531 
  2.46929183    1.20979078 
  2.47557501    1.16299232 
  2.48185820    1.16873161 
  2.48814138    1.12456707 
  2.49442457    0.95618960 
  2.50070775    1.08034322 
  2.50699094    1.05381886 
  2.51327412    1.09424717 
  2.51955731    1.20779450 
  2.52584049    0.99045642 
  2.53212368    1.15904355 
  2.53840686    1.11065375 
  2.54469005    1.10722089 
  2.55097323    1.04363760 
  2.55725642    0.93047452 
  2.56353961    1.02065418 
  2.56982279    0.97580487 
  2.57610598    1.03208205 
  2.58238916    1.24872771 
  2.58867235    0.91647356 
  2.59495553    1.00436544 
  2.60123872    1.17236032 
  2.60752190    0.95584144 
  2.61380509    1.20079117 
  2.62008827    1.15243877 
  2.62637146    1.19188691 
  2.63265464    1.25361721 
  2.63893783    1.18219527 
  2.64522101    0.90766756 
  2.65150420    1.10480968 
  2.65778738    1.18435565 
  2.66407057    0.81192458 
  2.67035376    1.03426564 
  2.67663694    1.09403073 
  2.68292013    1.10459262 
  2.68920331    1.23884158 
  2.69548650    1.07097285 
  2.70176968    1.07344728 
  2.70805287    1.08253383 
  2.71433605    1.09589206 
  2.72061924    0.93722368 
  2.72690242    1.21071591 
  2.73318561    1.13464055 
  2.73946879    1.16293833 
  2.74575198    1.13661882 
  2.75203516    1.07826108 
  2.75831835    1.15742529 
  2.76460154    1.34394160 
  2.77088472    1.19560292 
  2.77716791    1.15353325 
  2.78345109    1.30570790 
  2.78973428    1.23887069 
  2.79601746    1.14172323 
  2.80230065    1.11474771 
  2.80858383    1.10583304 
  2.81486702    1.11876630 
  2.82115020    1.00190414 
  2.82743339    1.13893015 
  2.83371657    1.09104924 
  2.83999976    1.57250831 
  2.84628294    1.03724000 
  2.85256613    1.17198762 
  2.85884931    1.12706648 
  2.86513250    1.18528794 
  2.87141569    1.23267849 
  2.87769887    1.33402200 
  2.88398206    1.35569370 
  2.89026524    1.13801110 
  2.89654843    1.22930543 
  2.90283161    1.16329537 
  2.90911480    1.13996962 
  2.91539798    1.35230423 
  2.92168117    1.36457793 
  2.92796435    1.21376016 
  2.93424754    1.23294811 
  2.94053072    1.16153989 
  2.94681391    1.28599468 
  2.95309709    1.13911903 
  2.95938028    1.07057450 
  2.96566346    1.35253314 
  2.97194665    1.28828449 
  2.97822984    1.25207397 
  2.98451302    1.33856744 
  2.99079621    1.23705894 
  2.99707939    1.14436569 
  3.00336258    1.38043498 
  3.00964576    1.03384198 
  3.01592895    1.26738275 
  3.02221213    1.48306274 
  3.02849532    1.11822966 
  3.03477850    1.25706458 
  3.04106169    1.19412364 
  3.04734487    1.42418154 
  3.05362806    1.25073139 
  3.05991124    1.30272020 
  3.06619443    1.21783310 
  3.07247762    1.23312373 
  3.07876080    1.45806787 
  3.08504399    1.33937888 
  3.09132717    1.42466954 
  3.09761036    1.24491907 
  3.10389354    1.25784958 
  3.11017673    1.33718155 
  3.11645991    1.29503110 
  3.12274310    1.16894006 
  3.12902628    1.14914276 
  3.13530947    1.22729818 
  3.14159265    1.26974317 
  3.14787584    1.25901873 
  3.15415902    1.25941850 
  3.16044221    1.40315835 
  3.16672539    1.38188108 
  3.17300858    1.33869137 
  3.17929177    1.20030139 
  3.18557495    1.28745251 
  3.19185814    1.01319705 
  3.19814132    1.24347303 
  3.20442451    1.08387570 
  3.21070769    1.05397992 
  3.21699088    1.11952439 
  3.22327406    1.35024714 
  3.22955725    1.32152421 
  3.23584043    1.20018930 
  3.24212362    1.35052256 
  3.24840680    1.20955108 
  3.25468999    1.07173664 
  3.26097317    1.13576694 
  3.26725636    1.11496869 
  3.27353955    1.10382950 
  3.27982273    1.23940925 
  3.28610592    1.11768366 
  3.29238910    0.92141107 
  3.29867229    1.27329802 
  3.30495547    1.13173187 
  3.31123866    1.21970973 
  3.31752184    1.09894469 
  3.32380503    1.07309369 
  3.33008821    1.21503876 
  3.33637140    0.87143703 
  3.34265458    0.95023141 
  3.34893777    1.06301948 
  3.35522095    0.84384507 
  3.36150414    1.03401807 
  3.36778732    1.04547827 
  3.37407051    0.95882659 
  3.38035370    0.93765870 
  3.38663688    0.85980966 
  3.39292007    0.90038038 
  3.39920325    0.99962845 
  3.40548644    0.97369557 
  3.41176962    0.82098698 
  3.41805281    0.95974050 
  3.42433599    0.86487591 
  3.43061918    0.77426175 
  3.43690236    0.76262286 
  3.44318555    0.78552755 
  3.44946873    0.92803976 
  3.45575192    0.71968710 
  3.46203510    0.75939466 
  3.46831829    0.83941160 
  3.47460147    0.61548693 
  3.48088466    0.76882009 
  3.48716785    1.03370334 
  3.49345103    0.84391163 
  3.49973422    0.87103802 
  3.50601740    0.95352247 
  3.51230059    0.51037142 
  3.51858377    0.68536274 
  3.52486696    0.58927911 
  3.53115014    0.95394528 
  3.53743333    0.70449795 
  3.54371651    0.77187407 
  3.54999970    0.74754565 
  3.55628288    0.70842625 
  3.56256607    0.75566439 
  3.56884925    0.84987233 
  3.57513244    0.73403541 
  3.58141563    0.73238402 
  3.58769881    0.61008242 
  3.59398200    0.83613309 
  3.60026518    1.00785361 
  3.60654837    0.66878842 
  3.61283155    0.79708886 
  3.61911474    0.95320559 
  3.62539792    0.87531318 
  3.63168111    0.77946288 
  3.63796429    0.88295405 
  3.64424748    0.53925552 
  3.65053066    0.73542041 
  3.65681385    0.89903457 
  3.66309703    0.63558702 
  3.66938022    0.60641986 
  3.67566340    0.63789459 
  3.68194659    0.63719394 
  3.68822978    0.75206197 
  3.69451296    0.68141157 
  3.70079615    0.76080165 
  3.70707933    0.68295258 
  3.71336252    0.79308357 
  3.71964570    0.68187748 
  3.72592889    0.77019058 
  3.73221207    0.78506303 
  3.73849526    0.60548342 
  3.74477844    0.81839486 
  3.75106163    0.77372431 
  3.75734481    0.86593197 
  3.76362800    0.85612923 
  3.76991118    0.93876617 
  3.77619437    0.81617638 
  3.78247755    0.88004664 
  3.78876074    0.70483096 
  3.79504393    0.89875855 
  3.80132711    0.93525723 
  3.80761030    0.71457622 
  3.81389348    0.74770788 
  3.82017667    0.97129107 
  3.82645985    0.81705920 
  3.83274304    0.55898859 
  3.83902622    1.03844222 
  3.84530941    0.73928467 
  3.85159259    0.99265047 
  3.85787578    0.77948316 
  3.86415896    0.87199527 
  3.87044215    0.99832570 
  3.87672533    0.81965397 
  3.88300852    0.59557703 
  3.88929171    0.83085079 
  3.89557489    0.85216820 
  3.90185808    0.86791834 
  3.90814126    0.87313656 
  3.91442445    0.87876897 
  3.92070763    0.84236655 
  3.92699082    0.79578658 
  3.93327400    0.71381485 
  3.93955719    1.01252297 
  3.94584037    0.79346334 
  3.95212356    0.74871784 
  3.95840674    0.96842209 
  3.96468993    0.84149272 
  3.97097311    1.00601502 
  3.97725630    1.03187180 
  3.98353948    0.69701517 
  3.98982267    0.98503651 
  3.99610586    1.06099008 
  4.00238904    1.00095004 
  4.00867223    0.99839936 
  4.01495541    0.97872439 
  4.02123860    0.96923863 
  4.02752178    1.05392432 
  4.03380497    0.94713792 
  4.04008815    1.07036584 
  4.04637134    0.83432240 
  4.05265452    1.06427564 
  4.05893771    0.93145694 
  4.06522089    1.09828493 
  4.07150408    0.81669408 
  4.07778726    0.89751103 
  4.08407045    0.84097183 
  4.09035363    0.94806130 
  4.09663682    1.00160449 
  4.10292001    0.78490439 
  4.10920319    0.81592578 
  4.11548638    1.14670473 
  4.12176956    1.01517646 
  4.12805275    0.98329967 
  4.13433593    0.77085769 
  4.14061912    0.83048986 
  4.14690230    1.00192969 
  4.15318549    0.91317089 
  4.15946867    1.05158720 
  4.16575186    1.12118727 
  4.17203504    0.68492047 
  4.17831823    1.04455669 
  4.18460141    0.90321210 
  4.19088460    0.85503414 
  4.19716779    1.04100729 
  4.20345097    0.80479457 
  4.20973416    0.92246925 
  4.21601734    0.99977432 
  4.22230053    1.08133482 
  4.22858371    0.99214544 
  4.23486690    0.83785929 
  4.24115008    1.09887981 
  4.24743327    0.95046813 
  4.25371645    0.94283307 
  4.25999964    0.95294789 
  4.26628282    0.76492981 
  4.27256601    0.94363964 
  4.27884919    1.08392186 
  4.28513238    1.00042979 
  4.29141556    0.85069539 
  4.29769875    0.82177727 
  4.30398194    0.67649091 
  4.31026512    0.95604589 
  4.31654831    0.80763163 
  4.32283149    0.77357476 
  4.32911468    0.93055275 
  4.33539786    0.89258899 
  4.34168105    0.85471660 
  4.34796423    0.92946523 
  4.35424742    0.91339705 
  4.36053060    0.74447743 
  4.36681379    0.70538448 
  4.37309697    0.81274543 
  4.37938016    0.96591447 
  4.38566334    0.86002869 
  4.39194653    0.72433061 
  4.39822972    0.78567568 
  4.40451290    0.57667919 
  4.41079609    0.76295212 
  4.41707927    0.65399846 
  4.42336246    0.76829264 
  4.42964564    0.70142424 
  4.43592883    0.77094583 
  4.44221201    0.64577885 
  4.44849520    0.76452592 
  4.45477838    0.77593985 
  4.46106157    0.76456290 
  4.46734475    0.67966536 
  4.47362794    0.70936178 
  4.47991112    0.85421562 
  4.48619431    0.79851211 
  4.49247749    0.64080283 
  4.49876068    0.71737879 
  4.50504387    0.79891240 
  4.51132705    0.77184749 
  4.51761024    0.99639136 
  4.52389342    0.63085848 
  4.53017661    0.86982165 
  4.53645979    0.67911282 
  4.54274298    0.87448248 
  4.54902616    0.89546317 
  4.55530935    0.74825678 
  4.56159253    0.73612880 
  4.56787572    0.77938002 
  4.57415890    0.93304076 
  4.58044209    0.64240541 
  4.58672527    0.82651421 
  4.59300846    0.68297789 
  4.59929164    0.77631452 
  4.60557483    0.69445734 
  4.61185802    0.67605882 
  4.61814120    0.56445977 
  4.62442439    0.89375244 
  4.63070757    0.63769749 
  4.63699076    0.83672553 
  4.64327394    0.70661804 
  4.64955713    0.80379813 
  4.65584031    0.79723019 
  4.66212350    0.63049706 
  4.66840668    0.73962713 
  4.67468987    0.63794304 
  4.68097305    0.68266437 
  4.68725624    0.77443001 
  4.69353942    0.68822426 
  4.69982261    0.65360593 
  4.70610580    0.56520358 
  4.71238898    0.72992766 
  4.71867217    0.90586662 
  4.72495535    0.89844375 
  4.73123854    0.74355336 
  4.73752172    0.81245480 
  4.74380491    0.74719405 
  4.75008809    0.70403686 
  4.75637128    0.79861203 
  4.76265446    0.74650142 
  4.76893765    0.84440928 
  4.77522083    0.86117037 
  4.78150402    0.75088984 
  4.78778720    0.71460771 
  4.79407039    0.66306738 
  4.80035357    0.82543183 
  4.80663676    0.81529978 
  4.81291995    0.83414062 
  4.81920313    0.95015626 
  4.82548632    0.88447490 
  4.83176950    0.73207139 
  4.83805269    0.84456629 
  4.84433587    0.85595709 
  4.85061906    0.87559043 
  4.85690224    0.79428346 
  4.86318543    0.88436518 
  4.86946861    0.81487812 
  4.87575180    0.75252767 
  4.88203498    0.91024307 
  4.88831817    0.67876550 
  4.89460135    0.67208984 
  4.90088454    0.84375908 
  4.90716772    0.77777286 
  4.91345091    0.83452978 
  4.91973410    0.81852896 
  4.92601728    1.00328492 
  4.93230047    0.66477808 
  4.93858365    0.68752670 
  4.94486684    0.99575652 
  4.95115002    0.75677159 
  4.95743321    0.76094923 
  4.96371639    0.82341449 
  4.96999958    0.86872690 
  4.97628276    0.74003742 
  4.98256595    0.82156979 
  4.98884913    0.65336140 
  4.99513232    0.84598075 
  5.00141550    0.76148376 
  5.00769869    0.81508542 
  5.01398188    0.80184364 
  5.02026506    0.90172042 
  5.02654825    0.97488538 
  5.03283143    0.95625169 
  5.03911462    0.75025552 
  5.04539780    0.90685945 
  5.05168099    0.76236144 
  5.05796417    0.82475102 
  5.06424736    0.64633927 
  5.07053054    0.79152031 
  5.07681373    0.76744987 
  5.08309691    0.85533511 
  5.08938010    0.77914425 
  5.09566328    0.86007817 
  5.10194647    0.91895906 
  5.10822965    0.90588694 
  5.11451284    0.82989847 
  5.12079603    0.85876235 
  5.12707921    0.72819430 
  5.13336240    0.72789039 
  5.13964558    0.65283953 
  5.14592877    0.83855796 
  5.15221195    0.79867847 
  5.15849514    0.75562438 
  5.16477832    0.80452995 
  5.17106151    0.72210612 
  5.17734469    0.65312507 
  5.18362788    0.86796865 
  5.18991106    0.81275019 
  5.19619425    0.75757906 
  5.20247743    0.85505295 
  5.20876062    0.58173044 
  5.21504380    0.81273219 
  5.22132699    0.77536440 
  5.22761018    0.75681490 
  5.23389336    0.82630605 
  5.24017655    0.93787310 
  5.24645973    0.83750193 
  5.25274292    0.87960763 
  5.25902610    0.62679295 
  5.26530929    0.79294335 
  5.27159247    0.75724544 
  5.27787566    0.72909602 
  5.28415884    0.71304632 
  5.29044203    0.78921064 
  5.29672521    0.80157781 
  5.30300840    0.78113474 
  5.30929158    0.79168329 
  5.31557477    0.74783880 
  5.32185796    0.67599097 
  5.32814114    0.67844401 
  5.33442433    0.70219016 
  5.34070751    0.60018014 
  5.34699070    0.67202052 
  5.35327388    0.71804857 
  5.35955707    0.69863448 
  5.36584025    0.64945255 
  5.37212344    0.68387464 
  5.37840662    0.62133057 
  5.38468981    0.61701910 
  5.39097299    0.65592616 
  5.39725618    0.66842944 
  5.40353936    0.62138534 
  5.40982255    0.64378788 
  5.41610573    0.61047022 
  5.42238892    0.49534533 
  5.42867211    0.81633135 
  5.43495529    0.58294002 
  5.44123848    0.65243063 
  5.44752166    0.63541736 
  5.45380485    0.65457553 
  5.46008803    0.61291139 
  5.46637122    0.63037906 
  5.47265440    0.61589322 
  5.47893759    0.55761008 
  5.48522077    0.41880078 
  5.49150396    0.45016887 
  5.49778714    0.52428064 
  5.50407033    0.69874308 
  5.51035351    0.61716324 
  5.51663670    0.57072756 
  5.52291989    0.52895800 
  5.52920307    0.56140797 
  5.53548626    0.52264660 
  5.54176944    0.56159735 
  5.54805263    0.28135792 
  5.55433581    0.41809340 
  5.56061900    0.50970407 
  5.56690218    0.41787699 
  5.57318537    0.47875878 
  5.57946855    0.57055009 
  5.58575174    0.35226186 
  5.59203492    0.55017361 
  5.59831811    0.47339831 
  5.60460129    0.38335190 
  5.61088448    0.37752345 
  5.61716766    0.17389808 
  5.62345085    0.46047374 
  5.62973404    0.51878521 
  5.63601722    0.44590611 
  5.64230041    0.24128435 
  5.64858359    0.29387607 
  5.65486678    0.23689901 
  5.66114996    0.17480417 
  5.66743315    0.24772290 
  5.67371633    0.41802141 
  5.67999952    0.31662913 
  5.68628270    0.24560917 
  5.69256589    0.39182480 
  5.69884907    0.20213682 
  5.70513226    0.35404407 
  5.71141544    0.17576015 
  5.71769863    0.26451994 
  5.72398181    0.30730623 
  5.73026500    0.15342344 
  5.73654819    0.32643496 
  5.74283137    0.33071483 
  5.74911456    0.26284736 
  5.75539774    0.13910442 
  5.76168093    0.20858029 
  5.76796411    0.31194022 
  5.77424730    0.16057362 
  5.78053048    0.00953021 
  5.78681367    0.13600747 
  5.79309685    0.04010550 
  5.79938004    0.20256362 
  5.80566322    0.12477451 
  5.81194641   -0.04141384 
  5.81822959    0.08365159 
  5.82451278    0.23235960 
  5.83079597    0.16617895 
  5.83707915    0.13774738 
  5.84336234   -0.08408281 
  5.84964552    0.00633454 
  5.85592871    0.16695730 
  5.86221189    0.10532639 
  5.86849508    0.03360530 
  5.87477826    0.09879523 
  5.88106145    0.07243962 
  5.88734463   -0.08018770 
  5.89362782   -0.02328271 
  5.89991100   -0.20280838 
  5.90619419    0.16406152 
  5.91247737   -0.12604122 
  5.91876056   -0.07421137 
  5.92504374    0.03362907 
  5.93132693   -0.09856740 
  5.93761012   -0.01963187 
  5.94389330   -0.10424587 
  5.95017649   -0.02324966 
  5.95645967   -0.04928119 
  5.96274286    0.07293815 
  5.96902604   -0.14301063 
  5.97530923    0.05635353 
  5.98159241   -0.08602363 
  5.98787560    0.04781428 
  5.99415878   -0.10766862 
  6.00044197    0.08272155 
  6.00672515   -0.09526501 
  6.01300834   -0.08275796 
  6.01929152   -0.24810177 
  6.02557471   -0.09178114 
  6.03185789   -0.20338425 
  6.03814108   -0.05062076 
  6.04442427   -0.11744289 
  6.05070745   -0.18351565 
  6.05699064    0.02212820 
  6.06327382   -0.16935604 
  6.06955701   -0.22696547 
  6.07584019   -0.16670840 
  6.08212338   -0.13930841 
  6.08840656   -0.24123487 
  6.09468975   -0.27949887 
  6.10097293   -0.32063773 
  6.10725612   -0.19649901 
  6.11353930   -0.27599704 
  6.11982249   -0.23063677 
  6.12610567   -0.17459660 
  6.13238886   -0.10310498 
  6.13867205   -0.09570888 
  6.14495523   -0.22828542 
  6.15123842   -0.16433216 
  6.15752160   -0.41702981 
  6.16380479   -0.19199665 
  6.17008797   -0.22073030 
  6.17637116   -0.28898567 
  6.18265434   -0.17920714 
  6.18893753   -0.36074184 
  6.19522071   -0.22121285 
  6.20150390   -0.31750699 
  6.20778708   -0.46716273 
  6.21407027   -0.21930919 
  6.22035345   -0.28759302 
  6.22663664   -0.42833797 
  6.23291982   -0.32922075 
  6.23920301   -0.31606573 
  6.24548620   -0.33539986 
  6.25176938   -0.24305136 
  6.25805257   -0.38350660 
  6.26433575   -0.22227460 
  6.27061894   -0.25084167 
  6.27690212   -0.43639443 
